doc: 年末調整のしかた（令和7年分） (nencho_shikata_2025)
year: 2025
item: s040-part-15 / title: nencho all (part 15/28)
section: 40 / nencho all
source_type: pdf
source_url: https://www.nta.go.jp/publication/pamph/gensen/nencho2025/pdf/nencho_all.pdf
url: https://yuki0717-hub.github.io/jplawdb-mirror/ai-nta-guide-db/enhanced/nencho_shikata_2025/s040-part-15.html

[p1] 4,268,000 4,272,000 2,974,400 4,468,000 4,472,000 3,134,400 4,668,000 4,672,000 3,294,400 4,272,000 4,276,000 2,977,600 4,472,000 4,476,000 3,137,600 4,672,000 4,676,000 3,297,600
[p2] 4,276,000 4,280,000 2,980,800 4,476,000 4,480,000 3,140,800 4,676,000 4,680,000 3,300,800 4,280,000 4,284,000 2,984,000 4,480,000 4,484,000 3,144,000 4,680,000 4,684,000 3,304,000
[p3] 4,284,000 4,288,000 2,987,200 4,484,000 4,488,000 3,147,200 4,684,000 4,688,000 3,307,200 4,288,000 4,292,000 2,990,400 4,488,000 4,492,000 3,150,400 4,688,000 4,692,000 3,310,400
[p4] 4,292,000 4,296,000 2,993,600 4,492,000 4,496,000 3,153,600 4,692,000 4,696,000 3,313,600 4,296,000 4,300,000 2,996,800 4,496,000 4,500,000 3,156,800 4,696,000 4,700,000 3,316,800
[p5] 4,300,000 4,304,000 3,000,000 4,500,000 4,504,000 3,160,000 4,700,000 4,704,000 3,320,000 4,304,000 4,308,000 3,003,200 4,504,000 4,508,000 3,163,200 4,704,000 4,708,000 3,323,200
[p6] 4,308,000 4,312,000 3,006,400 4,508,000 4,512,000 3,166,400 4,708,000 4,712,000 3,326,400 4,312,000 4,316,000 3,009,600 4,512,000 4,516,000 3,169,600 4,712,000 4,716,000 3,329,600
[p7] 4,316,000 4,320,000 3,012,800 4,516,000 4,520,000 3,172,800 4,716,000 4,720,000 3,332,800 4,320,000 4,324,000 3,016,000 4,520,000 4,524,000 3,176,000 4,720,000 4,724,000 3,336,000
[p8] 4,324,000 4,328,000 3,019,200 4,524,000 4,528,000 3,179,200 4,724,000 4,728,000 3,339,200 4,328,000 4,332,000 3,022,400 4,528,000 4,532,000 3,182,400 4,728,000 4,732,000 3,342,400
[p9] 4,332,000 4,336,000 3,025,600 4,532,000 4,536,000 3,185,600 4,732,000 4,736,000 3,345,600 4,336,000 4,340,000 3,028,800 4,536,000 4,540,000 3,188,800 4,736,000 4,740,000 3,348,800
[p10] 4,340,000 4,344,000 3,032,000 4,540,000 4,544,000 3,192,000 4,740,000 4,744,000 3,352,000 4,344,000 4,348,000 3,035,200 4,544,000 4,548,000 3,195,200 4,744,000 4,748,000 3,355,200
[p11] 4,348,000 4,352,000 3,038,400 4,548,000 4,552,000 3,198,400 4,748,000 4,752,000 3,358,400 4,352,000 4,356,000 3,041,600 4,552,000 4,556,000 3,201,600 4,752,000 4,756,000 3,361,600
[p12] 4,356,000 4,360,000 3,044,800 4,556,000 4,560,000 3,204,800 4,756,000 4,760,000 3,364,800 4,360,000 4,364,000 3,048,000 4,560,000 4,564,000 3,208,000 4,760,000 4,764,000 3,368,000
[p13] 4,364,000 4,368,000 3,051,200 4,564,000 4,568,000 3,211,200 4,764,000 4,768,000 3,371,200 4,368,000 4,372,000 3,054,400 4,568,000 4,572,000 3,214,400 4,768,000 4,772,000 3,374,400
[p14] 4,372,000 4,376,000 3,057,600 4,572,000 4,576,000 3,217,600 4,772,000 4,776,000 3,377,600 4,376,000 4,380,000 3,060,800 4,576,000 4,580,000 3,220,800 4,776,000 4,780,000 3,380,800
[p15] 4,380,000 4,384,000 3,064,000 4,580,000 4,584,000 3,224,000 4,780,000 4,784,000 3,384,000 4,384,000 4,388,000 3,067,200 4,584,000 4,588,000 3,227,200 4,784,000 4,788,000 3,387,200
[p16] 4,388,000 4,392,000 3,070,400 4,588,000 4,592,000 3,230,400 4,788,000 4,792,000 3,390,400 4,392,000 4,396,000 3,073,600 4,592,000 4,596,000 3,233,600 4,792,000 4,796,000 3,393,600
[p17] 4,396,000 4,400,000 3,076,800 4,596,000 4,600,000 3,236,800 4,796,000 4,800,000 3,396,800 4,400,000 4,404,000 3,080,000 4,600,000 4,604,000 3,240,000 4,800,000 4,804,000 3,400,000
[p18] 4,404,000 4,408,000 3,083,200 4,604,000 4,608,000 3,243,200 4,804,000 4,808,000 3,403,200 4,408,000 4,412,000 3,086,400 4,608,000 4,612,000 3,246,400 4,808,000 4,812,000 3,406,400
[p19] 4,412,000 4,416,000 3,089,600 4,612,000 4,616,000 3,249,600 4,812,000 4,816,000 3,409,600 4,416,000 4,420,000 3,092,800 4,616,000 4,620,000 3,252,800 4,816,000 4,820,000 3,412,800
[p20] 4,420,000 4,424,000 3,096,000 4,620,000 4,624,000 3,256,000 4,820,000 4,824,000 3,416,000 4,424,000 4,428,000 3,099,200 4,624,000 4,628,000 3,259,200 4,824,000 4,828,000 3,419,200
[p21] 4,428,000 4,432,000 3,102,400 4,628,000 4,632,000 3,262,400 4,828,000 4,832,000 3,422,400 4,432,000 4,436,000 3,105,600 4,632,000 4,636,000 3,265,600 4,832,000 4,836,000 3,425,600
[p22] 4,436,000 4,440,000 3,108,800 4,636,000 4,640,000 3,268,800 4,836,000 4,840,000 3,428,800 4,440,000 4,444,000 3,112,000 4,640,000 4,644,000 3,272,000 4,840,000 4,844,000 3,432,000
[p23] 4,444,000 4,448,000 3,115,200 4,644,000 4,648,000 3,275,200 4,844,000 4,848,000 3,435,200 4,448,000 4,452,000 3,118,400 4,648,000 4,652,000 3,278,400 4,848,000 4,852,000 3,438,400
[p24] 4,452,000 4,456,000 3,121,600 4,652,000 4,656,000 3,281,600 4,852,000 4,856,000 3,441,600 4,456,000 4,460,000 3,124,800 4,656,000 4,660,000 3,284,800 4,856,000 4,860,000 3,444,800 ʣ ʢ̏ɼ̓̎̕ɼ̌̌̌ԁ ʙ̐ɼ̑̓̍ɼ̕̕̕ԁ ʣ ʕ̒̕ʕ
[p25] ʗฏ੒̎̍೥౓೥຤ௐ੔ͷ͔ͨ͠ʗຊจʗ̥̒̌ʙ̔̐ççù÷÷Āõ÷ÿõùÿçøÿõùÿõúÿççėĨĮĬçøøúç શ৭ （ ４ ，２ ６ ０ ，０ ０ ０ 円 〜 ４ ，８ ５ ９ ，９ ９ ９ 円 ）
[p26] [page 52]
[p27] 給与所得控除後の給与等の金額の表 ─ 52 ─ ʢ࿡ʣ ʢ̐ɼ̑̓̎ɼ̌̌̌ԁ ʙ̑ɼ̍̓̍ɼ̕̕̕ԁ ʣ ʕ̓̌ʕ ʗฏ੒̎̍೥౓೥຤ௐ੔ͷ͔ͨ͠ʗຊจʗ̥̒̌ʙ̔̐ççù÷÷Āõ÷ÿõùÿçøÿõùÿõúÿççėĨĮĬçøøûç શ৭ 給与等の金額 給与所得控 除後の給与 等の金額 給与等の金額 給与所得控 除後の給与 等の金額 給与等の金額 給与所得控 除後の給与 等の金額 以 上 未 満 以 上 未 満 以 上 未 満
[p28] 円 円 円 円 円 円 円 円 円 4,860,000 4,864,000 3,448,000 5,060,000 5,064,000 3,608,000 5,260,000 5,264,000 3,768,000 4,864,000 4,868,000 3,451,200 5,064,000 5,068,000 3,611,200 5,264,000 5,268,000 3,771,200
[p29] 4,868,000 4,872,000 3,454,400 5,068,000 5,072,000 3,614,400 5,268,000 5,272,000 3,774,400 4,872,000 4,876,000 3,457,600 5,072,000 5,076,000 3,617,600 5,272,000 5,276,000 3,777,600
[p30] 4,876,000 4,880,000 3,460,800 5,076,000 5,080,000 3,620,800 5,276,000 5,280,000 3,780,800 4,880,000 4,884,000 3,464,000 5,080,000 5,084,000 3,624,000 5,280,000 5,284,000 3,784,000
[p31] 4,884,000 4,888,000 3,467,200 5,084,000 5,088,000 3,627,200 5,284,000 5,288,000 3,787,200 4,888,000 4,892,000 3,470,400 5,088,000 5,092,000 3,630,400 5,288,000 5,292,000 3,790,400
[p32] 4,892,000 4,896,000 3,473,600 5,092,000 5,096,000 3,633,600 5,292,000 5,296,000 3,793,600 4,896,000 4,900,000 3,476,800 5,096,000 5,100,000 3,636,800 5,296,000 5,300,000 3,796,800
[p33] 4,900,000 4,904,000 3,480,000 5,100,000 5,104,000 3,640,000 5,300,000 5,304,000 3,800,000 4,904,000 4,908,000 3,483,200 5,104,000 5,108,000 3,643,200 5,304,000 5,308,000 3,803,200
[p34] 4,908,000 4,912,000 3,486,400 5,108,000 5,112,000 3,646,400 5,308,000 5,312,000 3,806,400 4,912,000 4,916,000 3,489,600 5,112,000 5,116,000 3,649,600 5,312,000 5,316,000 3,809,600
[p35] 4,916,000 4,920,000 3,492,800 5,116,000 5,120,000 3,652,800 5,316,000 5,320,000 3,812,800 4,920,000 4,924,000 3,496,000 5,120,000 5,124,000 3,656,000 5,320,000 5,324,000 3,816,000
[p36] 4,924,000 4,928,000 3,499,200 5,124,000 5,128,000 3,659,200 5,324,000 5,328,000 3,819,200 4,928,000 4,932,000 3,502,400 5,128,000 5,132,000 3,662,400 5,328,000 5,332,000 3,822,400
[p37] 4,932,000 4,936,000 3,505,600 5,132,000 5,136,000 3,665,600 5,332,000 5,336,000 3,825,600 4,936,000 4,940,000 3,508,800 5,136,000 5,140,000 3,668,800 5,336,000 5,340,000 3,828,800
